   52.144840050871196     
   103.86132030486550     
   155.61810912538084     
   207.44358847641175     
   259.36917756988237     
   311.36841101155244     
   363.31590002544147     
   415.70703719173133     
   468.66012410309355     
   522.18316085429751     
   576.22735277992331     
   630.70588433816590     
   685.47613625081169     
   740.24764440590968     
   794.74072577487391     
   848.98615644884217     
   902.95150730426872     
   956.56697946106044     
   1009.8404487523371     
   1062.7531080825738     
