   3.5692002401193792E-031
   7.1090801891346154E-031
   1.0651719171357461E-030
   1.4199059870140772E-030
   1.7753252861814539E-030
   2.1312486648033279E-030
   2.4868178641355903E-030
   2.8454237380276608E-030
   3.2078760350041436E-030
   3.5742295139638000E-030
   3.9441501860951520E-030
   4.3170438180045312E-030
   4.6919342119290361E-030
   5.0668332045583375E-030
   5.4398264267394862E-030
   5.8111245340843797E-030
   6.1805055563358753E-030
   6.5474917354275039E-030
   6.9121369797142181E-030
   1.0646790527926715E-008
